0 3.56733201791477e-05 2.64913555629466e-05 5.4678777743027e-06 2.59056539487102e-07 -8.60843216511861e-06 3.00036566108913e-06 0.999999999958413
0 -0.00100850521818994 0.000701388500683034 -0.00183982546136093 0.000121427515142827 0.000219861343357799 -8.71739952459858e-05 0.999999964658521
0 -0.000750137326717711 0.000524576460079421 -0.00388577688098828 0.000487254470035137 4.67770397414983e-05 3.94586929930029e-08 0.999999880197487
0 -0.00135027326192371 0.00279879865567456 0.00104128242827249 0.00168631419798629 0.000473107751619646 -1.13069148747423e-05 0.999998466191641
0 -0.00396664919402788 0.0050184202872444 0.0101222310504291 0.00256007468547486 0.00163060486118907 -0.0001651896182165 0.999995379918218
0 -0.00923675741322313 0.0131323565110152 0.0320712673842726 0.00634303045856427 0.00433621999118497 -0.0020426806019428 0.99996839480893
0 -0.0136862874154732 0.032036739102452 0.0736493262462572 0.0163232568091611 0.0137053915079623 -0.00446975574334307 0.999762839284573
0 -0.00914922905684906 0.0461418565063688 0.117565603101917 0.0240187307881482 0.0250962433022105 -0.00893869405761192 0.999356482388535
0 0.00740237450192528 0.0614614743497615 0.160529621344186 0.0337853124999503 0.0361350607282993 -0.00647783327129182 0.998754648410485
0 0.0326693365749422 0.0751520914236102 0.202867607714122 0.0432703260601621 0.0496876974316613 -0.00928589808275627 0.99778383616061
0 0.068099518735889 0.0818598801173245 0.236565025987363 0.0471545567490611 0.0573454279016959 -0.0142534754597078 0.99713829939176
0 0.108227913232727 0.0892798499658706 0.26586502909388 0.053173284124131 0.0626418888152784 -0.0173010624720354 0.996468398324025
0 0.146712086863507 0.0950016878698502 0.288648955929576 0.0583130783505369 0.0667318626099094 -0.0182478132679696 0.9958983184627
0 0.179721884096648 0.097436924711183 0.306152487854811 0.0617092944569243 0.0692105477960288 -0.0206141113283681 0.995478237565013
0 0.222218000477774 0.0999936067141575 0.325187746261869 0.0655804348658232 0.0695038042107234 -0.0230192273220459 0.995157546791735
0 0.264890376839706 0.101633428366465 0.344061161392109 0.0694995211240922 0.0699555664454701 -0.0258871257925435 0.994789370673519
0 0.299673223803428 0.103396260077868 0.358445434895149 0.0730872060085861 0.0698478299860193 -0.028718481345001 0.994462060509771
0 0.331150666587605 0.105821084752286 0.371971483030888 0.0768706200648546 0.0710126080795719 -0.0314488002986641 0.994011614733126
0 0.376146019061181 0.109553184565656 0.392421878921078 0.0823227499568555 0.072469218752874 -0.0350609414832074 0.993348834778196
0 0.411705757569266 0.110059078116297 0.406152947784231 0.0851278013050841 0.0728299015156677 -0.0375611525777444 0.992994573352348
0 0.442394966098605 0.116270767724451 0.42454932810089 0.0904451340513211 0.0758051570838807 -0.0400683923282468 0.992203497182991
0 0.473108860164476 0.116833296967645 0.43976829880978 0.093155796420588 0.0788535730545574 -0.042336310591042 0.991620768446947
0 0.503600228323438 0.120383300721363 0.457579200036516 0.0975114325716556 0.0819991526448407 -0.0438609898701559 0.990880352540589
0 0.532729085374688 0.122405484047109 0.472271552287743 0.101564759604203 0.0845733995028488 -0.0435873688184954 0.990268691306835
0 0.568377097199898 0.125630249756766 0.490448714834716 0.106951558953821 0.0891420587122604 -0.0447388544280851 0.989248953656434
0 0.603960743871656 0.128299758887045 0.506696599254205 0.112084790361643 0.0923135322038396 -0.048376468009321 0.988218057356058
0 0.639503657499612 0.12968325948996 0.519739879356449 0.116242091980888 0.0938976955353933 -0.0518906930562588 0.987409922372259
0 0.670238179840199 0.130704682713535 0.533066117705572 0.120472914414745 0.0966356446329523 -0.0542016262379382 0.986514071258973
0 0.697503051706575 0.130016944024904 0.543242065800908 0.124165407704187 0.0980679955937067 -0.0561426278475544 0.985806078855399
0 0.726263891028877 0.129957268278414 0.554484187480656 0.129171858276477 0.0996509204102576 -0.0559945065304102 0.985012152376409
0 0.748956570643809 0.129297058393377 0.565777822900142 0.133057272259763 0.0998635638581168 -0.0581072403482427 0.984350841687789
0 0.770337133447172 0.128504848353245 0.577653172454718 0.13658096382945 0.101112400845821 -0.061389281900546 0.983541193231045
0 0.791478466726024 0.127882202357687 0.585016651021881 0.140721939291091 0.103791266775372 -0.0643533350662844 0.982488349553909
0 0.815458684345874 0.125998099230667 0.59990470632291 0.146597172631143 0.10354072518867 -0.0669708156761766 0.981480258105901
0 0.829370061658562 0.124493455816313 0.611278752846833 0.150351986414072 0.105249400780674 -0.0688875880951558 0.98059744239065
0 0.853206847357939 0.120485631187814 0.626563372198845 0.153126162209288 0.100949078036381 -0.0715059470070637 0.98043284402007
0 0.867571093971757 0.116730363032649 0.638457248687578 0.154027671803848 0.0963438278756928 -0.074522617231284 0.980530327256605
0 0.878184840108985 0.112365002757746 0.646217233744213 0.153267022711892 0.0910061040359422 -0.0779508056491211 0.980892848722981
0 0.881347797080302 0.111153400347961 0.647464757661433 0.152549518264432 0.0892277318290015 -0.0782716458918278 0.981142500251277
0 0.882371702956565 0.110136978122983 0.649708007884147 0.152680993202976 0.088634876380508 -0.0793934018214587 0.981085654135653
0 0.883037700224371 0.109557944687595 0.650457631549339 0.152521343899688 0.0880392301623499 -0.0797980891596195 0.981131285085705
0 0.883299676884647 0.109208605415224 0.651227448826444 0.152344749318246 0.0877860817627083 -0.0797565499218987 0.981184780736262
0 0.883311716650736 0.108838334987545 0.652342019859617 0.152250294924757 0.0876625424189265 -0.0796221033965782 0.981221405699386
0 0.882669193224928 0.108562749349056 0.652959026726265 0.152109414495514 0.0876602547887649 -0.0796634491270883 0.98124010345347
0 0.883323302724804 0.107410819611298 0.65570593671443 0.15181526094681 0.0854297396580713 -0.0799052861211138 0.981462699941016
0 0.88622202469239 0.103452194910839 0.664690112011125 0.149038422355039 0.0688498875566639 -0.0829044628416513 0.982941550493361
0 0.890205793982035 0.100486933132282 0.671833772355547 0.145888552816555 0.0502862969599037 -0.086835077215727 0.98419890665459
0 0.891904597067538 0.0944163340800351 0.684475222499645 0.138119804598277 0.0269878341812721 -0.0966692611892226 0.985317020214848
0 0.895569925609275 0.0871656142417976 0.705115944388992 0.133049250285325 0.019137277119264 -0.110231945345953 0.984774380174576
0 0.894308195794345 0.0821174950590553 0.718081223149694 0.131517364021989 0.0262356689313526 -0.121315642688497 0.983512779518146
0 0.898338574569189 0.0754960155059056 0.736843469278497 0.131185020561337 0.0399098837822319 -0.124186823036889 0.982738685786214
0 0.902503768564552 0.0698675917859361 0.752460895213207 0.132209709542192 0.0545947082082166 -0.12833130187326 0.981361853496427
0 0.906154980945972 0.0650062307945764 0.766003923593676 0.133111064941653 0.0703284685235419 -0.135941933525313 0.979211489727644
0 0.910327839315057 0.0598175407698245 0.780181981047268 0.135209017058342 0.0864761250202071 -0.13830297709563 0.977298668797872
0 0.91515440957097 0.054594525794812 0.794447311004919 0.135517900605183 0.102378277615496 -0.140124828425598 0.975458158685828
0 0.922338139817759 0.0477018617892926 0.81228814267489 0.135306582233788 0.122374788098622 -0.149394370443202 0.971801349104799
0 0.927047538354853 0.0414402758528608 0.830322342826569 0.136474530426467 0.142525736052401 -0.150059182799773 0.968784474878216
0 0.932631979048649 0.0359515875713385 0.844386464751627 0.141440860053569 0.156077381257063 -0.147803446002404 0.966327312827832
0 0.939977329539385 0.0297235844677037 0.862620319297711 0.145548068533361 0.167173558900852 -0.148320839349843 0.963778859264505
0 0.94838658489882 0.0227940819356246 0.879618042001849 0.144424234506799 0.175831118656642 -0.152291246701502 0.961786064765539
0 0.956128514394023 0.0170062806620594 0.895963740883933 0.145643108216749 0.182495080964412 -0.154950837403551 0.959934304231646
0 0.964370353969867 0.010931531954214 0.91301389556571 0.147492896841464 0.18935234628962 -0.156771945070015 0.958026143471509
0 0.972339627772014 0.00366710053956062 0.935643005150613 0.150235843541331 0.196283279772535 -0.154876099796854 0.956512132232977
0 0.982973530420654 -0.00283418694604223 0.950851685189498 0.150650797339519 0.198022795939041 -0.156992869454651 0.955742930128101
0 0.991753706960118 -0.00956928714930361 0.969415833834704 0.150722567113174 0.197959689226211 -0.157784900500329 0.955614249777795
0 1.00064650587457 -0.0164428234056024 0.988475596708844 0.151321848883826 0.197190739540362 -0.158176450201302 0.955613792748734
0 1.00684273536625 -0.022401866234165 1.00629737413524 0.152334288773002 0.196366074191021 -0.154952599911277 0.956150783690295
0 1.01831736636726 -0.0301017239395408 1.02588677565741 0.152266005551541 0.196355466685304 -0.159337226707241 0.955442956142029
0 1.02514518116516 -0.0361921675075306 1.04312383010998 0.151753789457484 0.196992578807395 -0.157133699359989 0.955758186889106
0 1.03168396644673 -0.0421471474216887 1.05849789143958 0.1507842750892 0.1984194067652 -0.156936242822211 0.955648919370298
0 1.0402038593967 -0.0481586851324485 1.07552296242059 0.149949367799446 0.199080030994147 -0.157502476374322 0.955549736168595
0 1.04727843472666 -0.0539649785718738 1.09101237096136 0.149409641680401 0.199733209045489 -0.157545187227636 0.95549093044295
0 1.05557819723781 -0.0609650040321477 1.10886626893056 0.149335098988699 0.199747754368014 -0.156907133766163 0.955604528143446
0 1.06273010923735 -0.0666234398649051 1.12372943223986 0.148724563005197 0.199610357706883 -0.156727934581079 0.955757847980854
0 1.06825066955354 -0.0709314711534247 1.13544269291829 0.147678112972465 0.199661227694991 -0.156529300821 0.955942020777782
0 1.07336579934947 -0.075141807384575 1.14654140489242 0.145310961268113 0.200068236858692 -0.156137116154676 0.956283758146343
0 1.07691048642742 -0.0780401908803714 1.15407173606502 0.142829491527064 0.200403919751128 -0.156074025108939 0.956597566369891
0 1.08136763980932 -0.0815877909299008 1.16333097761261 0.141958584006778 0.200328925225903 -0.155944465396708 0.956764028304137
0 1.08451497540726 -0.0839782678694923 1.1696846664451 0.142815095066037 0.199927328304154 -0.157295341593416 0.956499392331983
0 1.08845724376057 -0.0870135761762729 1.17758925908747 0.143632192408297 0.199595438720002 -0.158560761857003 0.956237386293531
0 1.09203685715351 -0.0898258107224887 1.18491462804237 0.143296717498988 0.199106239370513 -0.158833239075552 0.956344476829618
0 1.09747297042606 -0.0940432958240197 1.19620754131393 0.143178039165689 0.197183248721426 -0.157163489768739 0.957036286150136
0 1.10168679759758 -0.0973655166644392 1.20472239053955 0.142590387577806 0.192867454024336 -0.157928590182324 0.9578771773832
0 1.10453246258026 -0.100184528420957 1.21253949475792 0.14170097131961 0.185827594999634 -0.1575564148962 0.959460742182184
0 1.10658734647179 -0.102098153234091 1.21839021929961 0.14153899635009 0.178832707426404 -0.156576062369231 0.960973210843933
0 1.1092370318261 -0.104363574159994 1.22493562075963 0.140414072240884 0.17461737758588 -0.156769833146164 0.961881426776235
0 1.11064244715363 -0.105589746891239 1.22835454081225 0.141757162924203 0.175994670044983 -0.156341018580579 0.961503129888107
0 1.11236760194474 -0.107105205743364 1.23226009845938 0.145743310269356 0.184655726135493 -0.156878392593071 0.959192535549833
0 1.11418588436374 -0.10860089661363 1.23577540226525 0.148542113375508 0.197248430442357 -0.157695897544584 0.956117305114583
0 1.11611576546871 -0.110147920557295 1.23944541276709 0.151386565701972 0.211583020618582 -0.1589720515 0.952387851640686
0 1.11831541801555 -0.11179147824722 1.24324446650567 0.15305212011926 0.221200557213122 -0.160389768779363 0.949694942645535
0 1.12152661894968 -0.114258776440236 1.24927703351315 0.153309553071842 0.223498400681322 -0.160801468505392 0.949045590873438
0 1.12432276700855 -0.116382606512123 1.25456708435515 0.153625781836639 0.223244132529719 -0.160730473570031 0.949066326086901
0 1.12725097484602 -0.118441068993129 1.25976880513878 0.153582704988329 0.223015463711825 -0.161538639445476 0.948989843802331
0 1.12931307956698 -0.12020722853416 1.26402108611033 0.153364626512968 0.223042259890145 -0.161286240097417 0.949061742139505
0 1.13125726103573 -0.121651908011071 1.26763413403421 0.153348935421309 0.222614537871585 -0.161131084545244 0.949191047748895
0 1.13338093784844 -0.123200881858265 1.2714937584817 0.153387302394734 0.222100428632462 -0.161001686912426 0.949327231188854
0 1.13691723471195 -0.12557767886627 1.27773422726802 0.153097083396713 0.221595229575924 -0.161072001584367 0.949480198629871
0 1.13974809413352 -0.127874560706521 1.28339473563977 0.15382213532941 0.219761197333782 -0.160454154329134 0.949893799952208
0 1.1423943537869 -0.129969409979872 1.28851042956547 0.154132415938388 0.218512591569867 -0.160319614891201 0.9501542331451
0 1.14516070423307 -0.132114871914306 1.29371329304176 0.15468668064072 0.216830249422203 -0.158777594868649 0.950708340731051
0 1.14847415010358 -0.134773356115327 1.30028740103456 0.155578004944555 0.214922775715024 -0.156695336891054 0.951341293255486
0 1.1519754550627 -0.137796930248178 1.30798342274733 0.154278271454618 0.212997196464895 -0.153440481615 0.95251584126293
0 1.15491400235448 -0.140422789270131 1.31502711015993 0.151596990501389 0.211641867150857 -0.151280021895309 0.95359342883389
0 1.15839758258089 -0.143414429301535 1.32274758256368 0.151881505697695 0.20921619722229 -0.150739563668614 0.954168839876801
0 1.16329789933403 -0.147861184528683 1.33426199371864 0.152264969232332 0.207041007116736 -0.15219695873607 0.954350819284112
0 1.16766844062236 -0.151847093673123 1.34484107236309 0.153176075937035 0.206143197620258 -0.152006342010565 0.954429747977291
0 1.17136139849039 -0.154993790448765 1.35381233134806 0.153611305686051 0.205977900324956 -0.151959214994184 0.954402990524182
0 1.17609959716473 -0.158535573998561 1.36268564104721 0.147570607742364 0.205713999184219 -0.152891704191991 0.955263729584376
0 1.17983668205048 -0.16148561897019 1.37097090959757 0.148856785967147 0.202745131560442 -0.150960519657667 0.956005748102362
0 1.18280869050785 -0.1638691290442 1.37764128061841 0.148213168134103 0.199693142179653 -0.153659199433357 0.956318124991662
0 1.18566239276303 -0.166187209813082 1.38412999440943 0.148556797246468 0.196860597822592 -0.156302875509763 0.956423647827772
0 1.18839629218853 -0.168407525732559 1.39047457113823 0.145932604314754 0.194567979189691 -0.152687209182895 0.957879738079834
0 1.19128053318585 -0.17047992600998 1.39620508915274 0.142641908327591 0.193567132165094 -0.153751908842538 0.958407743009895
0 1.1939129635619 -0.172395260073325 1.40184207169757 0.144980152051936 0.192156493452239 -0.152522453999138 0.95853718684317
0 1.19626060257588 -0.174562338498765 1.40736221715921 0.143812890999701 0.191154097237399 -0.153077069969761 0.958824996618849
0 1.1990627128595 -0.176502509301757 1.41308483457616 0.144381871595134 0.190417426315972 -0.153201086662697 0.958866260724225
0 1.20115134487463 -0.178217351818727 1.41786537784422 0.14254210011377 0.190397156651787 -0.152646954032377 0.959233850454991
0 1.20327169842387 -0.179820520118946 1.42259773659352 0.14109179751853 0.189899635671871 -0.153126542842671 0.959470424203754
0 1.205173703394 -0.181377541269866 1.42699846736423 0.140186213979707 0.189761900755813 -0.153779453099741 0.959525990391048
0 1.20673564725331 -0.182580267936111 1.43058311402755 0.141352436971346 0.188946143157014 -0.152762373054012 0.959678332008834
0 1.20820677342812 -0.183721932683859 1.43402600220473 0.140972295731134 0.188713489968946 -0.154878976435613 0.959440739805378
0 1.20962244781172 -0.184867347886273 1.43735917500865 0.139180708668781 0.18862623956772 -0.155047100264636 0.95969227817073
0 1.21084390202153 -0.185966661025916 1.44055288226923 0.137898384880833 0.187950124310369 -0.151690008671005 0.960546161039835
0 1.21228243370232 -0.187027506268092 1.44368225000848 0.135005332582228 0.1890684570921 -0.153569761316095 0.960438965846603
0 1.21354538214541 -0.188017031107478 1.44665009663074 0.134370066963053 0.189308390854229 -0.157713147823217 0.959809137933276
0 1.21451629327711 -0.188769698734957 1.44885914952962 0.13420595032371 0.19003581158422 -0.157530139191197 0.959718400604906
0 1.21544595777571 -0.18943366330862 1.4509632770254 0.133959699674968 0.191479851227976 -0.157697868154066 0.959438193849071
0 1.21618454097801 -0.189965008343833 1.45259387019462 0.133734473342927 0.192211337107006 -0.158214313791347 0.959238303780015
0 1.21719342627056 -0.190850502444616 1.45507062079574 0.133972781473019 0.193274958528246 -0.157836430440108 0.959053567563466
0 1.2185418150951 -0.191922322300619 1.45807540764354 0.134035190163761 0.194574665447286 -0.157413435255353 0.958851541045302
0 1.21965652834042 -0.192774110510975 1.46058125060667 0.134065246636232 0.194726943784929 -0.156875022986506 0.95890466375523
0 1.22075863568499 -0.193636569123806 1.46314767070366 0.13385230373897 0.194467000850878 -0.156468439630267 0.959053582321397
0 1.22185968389848 -0.194434500583903 1.46551826005152 0.133758621077015 0.194621938819839 -0.156581326212662 0.959016798861765
0 1.22273729152615 -0.194933838046213 1.46734993415216 0.133752687029495 0.194548227748715 -0.156246271866779 0.959087226648315
0 1.22396368383989 -0.195544996416837 1.46983011081064 0.133815416746765 0.195357345840843 -0.155795801058633 0.958987283565017
0 1.22501480997234 -0.196101792863125 1.47197424143661 0.134489343488279 0.196943374275223 -0.155354906411079 0.958640066381114
0 1.22652180052541 -0.197233321401707 1.4753546099006 0.134543399163187 0.201150058405621 -0.155051118640373 0.957807850434209
0 1.22948672289543 -0.199915384563457 1.481963798552 0.13479731098637 0.208526142451706 -0.15385949501753 0.9563857948851
0 1.2304338253032 -0.200548321837499 1.48384419753879 0.134875773795594 0.20972925342919 -0.153711555456251 0.956135410712465
0 1.23144769259238 -0.20111385292968 1.48572292987736 0.135239368887972 0.209231164998895 -0.15330060846083 0.956259146958359
0 1.23219335514389 -0.201531986100645 1.48713367257592 0.135869581191994 0.209160942189239 -0.152497690172191 0.956313553005168
0 1.23445955163043 -0.2033240115665 1.49188550716293 0.13640674155938 0.209040079814224 -0.151557643592361 0.956412947715131
0 1.23545824691871 -0.204076465013761 1.49398208533785 0.136507615960597 0.208664452043377 -0.151390561155295 0.956507038777696
0 1.23681313886101 -0.205062198634611 1.49676718407969 0.136527215213578 0.208222798482574 -0.151623420789833 0.956563601631434
0 1.23810087041322 -0.205984096615488 1.49942263464819 0.136405204249156 0.208051503661632 -0.152448438946049 0.956487148654279
0 1.23929328479882 -0.206881774206726 1.50187639813629 0.136590060506382 0.20747449663476 -0.152266103060464 0.956615138117622
0 1.24005873856887 -0.207499606598838 1.50347830108296 0.136520654828758 0.20766863298693 -0.15286488874578 0.956487415216325
0 1.24079183087671 -0.208109136923919 1.50503930035968 0.136909052268167 0.208532058403061 -0.153145804132153 0.956199066461546
0 1.24148695200218 -0.208646968663022 1.50646290309161 0.137297310877301 0.209390215183025 -0.151844926644228 0.956163325203324
0 1.24233382789475 -0.209273564859362 1.50817817504234 0.137187618054193 0.210619472576496 -0.151654918390565 0.955939214046671
0 1.24312819892819 -0.209826208663143 1.50976376567481 0.137390369444558 0.211189362091294 -0.150826846868401 0.955915373862716
0 1.24391429984666 -0.210357842921274 1.51130017165086 0.13753025718595 0.211397222069929 -0.150627645540244 0.955880722296713
0 1.24469413813874 -0.210894705537964 1.51285739329575 0.137571426339989 0.211650917986524 -0.150751746686533 0.955799091044348
0 1.24649320403422 -0.212188749489453 1.51648070132112 0.138337040251355 0.212399361624894 -0.149003665090633 0.95579667412342
0 1.24743695514626 -0.212870026926286 1.51838367577138 0.138798911155535 0.212483631199069 -0.149292404725343 0.955665917894857
